#   Template pivots file
#
# number of (ilj\pi) subshells, max n. of radial orbitals:
#      30       4



shell,npvts:   0   4  # v_s1/2 
  50   50        -9.687367e-01       -2.399983e-01       -6.272807e-02       -3.912206e-03    #    e- =    -55.090909
  50   50        -2.221997e-01        9.395954e-01       -1.753774e-01        1.924329e-01    #    e+ =      0.324998
  50   50         1.102827e-01       -2.187659e-01       -8.901109e-01        3.842940e-01    #    e+ =     16.812094
  50   50        -3.779214e-03       -1.081792e-01        4.159454e-01        9.029243e-01    #    e+ =     45.300293


shell,npvts:   1   4  # v_p1/2 
  50   50         9.759753e-01        1.878491e-01        1.067473e-01        2.810576e-02    #    e- =    -16.294481
  50   50         1.200694e-01       -8.372168e-01        4.506958e-01       -2.855253e-01    #    e+ =      7.710524
  50   50        -1.638212e-01        5.133379e-01        7.126959e-01       -4.491230e-01    #    e+ =     27.506481
  50   50        -7.885525e-02       -1.627880e-02        5.268234e-01        8.461524e-01    #    e+ =     60.401165


shell,npvts:   2   4  # v_p3/2 
  50   50         9.569534e-01        2.683567e-01        1.078248e-01        2.446737e-02    #    e- =    -26.046202
  50   50         2.021342e-01       -8.552241e-01        3.952311e-01       -2.674431e-01    #    e+ =      6.715028
  50   50        -1.987774e-01        4.398073e-01        7.659408e-01       -4.247255e-01    #    e+ =     25.320437
  50   50        -6.220491e-02       -5.608834e-02        4.954804e-01        8.645714e-01    #    e+ =     56.750438


shell,npvts:   3   3  # v_d3/2 
  50   50         9.170576e-01       -3.347324e-01        2.167017e-01    #    e+ =      7.058846
  50   50         3.975944e-01        8.090090e-01       -4.329239e-01    #    e+ =     21.326080
  50   50        -3.039998e-02        4.831755e-01        8.749956e-01    #    e+ =     50.931715


shell,npvts:   4   3  # v_d5/2 
  50   50         9.844060e-01        5.590991e-02        1.667903e-01    #    e+ =     -0.988450
  50   50         7.181492e-03        9.345846e-01       -3.556684e-01    #    e+ =     16.415281
  50   50        -1.757650e-01        3.513199e-01        9.196091e-01    #    e+ =     42.489359


shell,npvts:   5   3  # v_f5/2 
  50   50        -7.639292e-01        5.664563e-01       -3.090946e-01    #    e+ =     14.575910
  50   50        -6.380696e-01       -5.915741e-01        4.928562e-01    #    e+ =     32.498511
  50   50         9.632916e-02        5.737311e-01        8.133592e-01    #    e+ =     66.311323


shell,npvts:   6   3  # v_f7/2 
  50   50        -8.961960e-01        3.440954e-01       -2.800555e-01    #    e+ =     12.006266
  50   50        -4.321160e-01       -8.200448e-01        3.752362e-01    #    e+ =     26.139626
  50   50        -1.005410e-01        4.573017e-01        8.836100e-01    #    e+ =     53.435917


shell,npvts:   7   2  # v_g7/2 
  50   50        -8.614780e-01        5.077948e-01    #    e+ =     24.534098
  50   50         5.077948e-01        8.614780e-01    #    e+ =     54.415428


shell,npvts:   8   2  # v_g9/2 
  50   50        -9.034704e-01        4.286505e-01    #    e+ =     23.423023
  50   50         4.286505e-01        9.034704e-01    #    e+ =     43.819097


shell,npvts:   9   2  # v_h9/2 
  50   50        -8.405141e-01        5.417896e-01    #    e+ =     30.529736
  50   50         5.417896e-01        8.405141e-01    #    e+ =     64.130749


shell,npvts:   10   2  # v_h11/2 
  50   50        -8.548175e-01        5.189288e-01    #    e+ =     30.054743
  50   50         5.189288e-01        8.548175e-01    #    e+ =     56.334662


shell,npvts:   11   1  # v_i11/2 
  50   50         1.000000e+00    #    e+ =     47.793766


shell,npvts:   12   1  # v_i13/2 
  50   50         1.000000e+00    #    e+ =     45.777721


shell,npvts:   13   1  # v_j13/2 
  50   50         1.000000e+00    #    e+ =     54.852985


shell,npvts:   14   1  # v_j15/2 
  50   50         1.000000e+00    #    e+ =     53.642165


shell,npvts:   15   4  # p_s1/2 
  50   50        -9.709189e-01       -2.318568e-01       -5.963161e-02       -1.739428e-03    #    e- =    -50.796365
  50   50        -2.082091e-01        9.288847e-01       -2.275751e-01        2.050164e-01    #    e+ =      3.651802
  50   50         1.179781e-01       -2.740695e-01       -8.669350e-01        3.992377e-01    #    e+ =     19.882884
  50   50        -6.830420e-03       -9.111266e-02        4.394057e-01        8.936299e-01    #    e+ =     49.269491


shell,npvts:   16   4  # p_p1/2 
  50   50         9.798422e-01        1.666845e-01        1.074911e-01        2.390048e-02    #    e- =    -12.302755
  50   50         9.491101e-02       -8.223323e-01        4.760273e-01       -2.969167e-01    #    e+ =     10.271640
  50   50        -1.564555e-01        5.440423e-01        6.846348e-01       -4.591457e-01    #    e+ =     30.595988
  50   50        -8.014267e-02        1.967537e-03        5.414045e-01        8.369316e-01    #    e+ =     64.451292


shell,npvts:   17   4  # p_p3/2 
  50   50         9.611732e-01        2.541702e-01        1.053037e-01        2.132323e-02    #    e- =    -21.904663
  50   50         1.819916e-01       -8.413804e-01        4.260324e-01       -2.783063e-01    #    e+ =      9.327776
  50   50        -1.969199e-01        4.754609e-01        7.381355e-01       -4.362517e-01    #    e+ =     28.363769
  50   50        -6.517420e-02       -3.759543e-02        5.124095e-01        8.554387e-01    #    e+ =     60.721994


shell,npvts:   18   3  # p_d3/2 
  50   50         8.930448e-01       -3.825031e-01        2.369860e-01    #    e+ =     10.191023
  50   50         4.496963e-01        7.769808e-01       -4.405384e-01    #    e+ =     24.471745
  50   50        -1.562624e-02        4.999923e-01        8.658889e-01    #    e+ =     54.812076


shell,npvts:   19   3  # p_d5/2 
  50   50         9.847000e-01        9.872448e-03        1.739782e-01    #    e+ =      2.906100
  50   50         5.615955e-02        9.271456e-01       -3.704688e-01    #    e+ =     19.172454
  50   50        -1.649606e-01        3.745712e-01        9.124059e-01    #    e+ =     46.122153


shell,npvts:   20   3  # p_f5/2 
  50   50        -7.431780e-01        5.862544e-01       -3.224784e-01    #    e+ =     17.034771
  50   50        -6.598107e-01       -5.621266e-01        4.986617e-01    #    e+ =     35.595229
  50   50         1.110690e-01        5.833691e-01        8.045770e-01    #    e+ =     70.192515


shell,npvts:   21   3  # p_f7/2 
  50   50        -8.710912e-01        3.923990e-01       -2.953356e-01    #    e+ =     14.827396
  50   50        -4.841794e-01       -7.869023e-01        3.825639e-01    #    e+ =     29.234240
  50   50        -8.228252e-02        4.762435e-01        8.754552e-01    #    e+ =     57.047769


shell,npvts:   22   2  # p_g7/2 
  50   50        -8.548724e-01        5.188383e-01    #    e+ =     27.015240
  50   50         5.188383e-01        8.548724e-01    #    e+ =     57.922149


shell,npvts:   23   2  # p_g9/2 
  50   50        -8.936417e-01        4.487812e-01    #    e+ =     25.968744
  50   50         4.487812e-01        8.936417e-01    #    e+ =     47.270258


shell,npvts:   24   2  # p_h9/2 
  50   50        -8.358876e-01        5.489006e-01    #    e+ =     32.802540
  50   50         5.489006e-01        8.358876e-01    #    e+ =     67.372371


shell,npvts:   25   2  # p_h11/2 
  50   50        -8.488346e-01        5.286586e-01    #    e+ =     32.337485
  50   50         5.286586e-01        8.488346e-01    #    e+ =     59.553745


shell,npvts:   26   1  # p_i11/2 
  50   50         1.000000e+00    #    e+ =     50.398541


shell,npvts:   27   1  # p_i13/2 
  50   50         1.000000e+00    #    e+ =     48.369602


shell,npvts:   28   1  # p_j13/2 
  50   50         1.000000e+00    #    e+ =     57.278087


shell,npvts:   29   1  # p_j15/2 
  50   50         1.000000e+00    #    e+ =     56.056593
