#  Quasi- particle and hole fragments of the sp propagator
#----------------------------------------------------------

# number of (ilj\pi) subshells, max n. of radial orbitals:
#      30       4       0

# Total numbers of qp and qh stored here:
#      66       6

# Subshell:
# v_s1/2 
#       3  # -> tot n. of quasiparticles
       45.300293       100.000         -3.779214e-03       -1.081792e-01        4.159454e-01        9.029243e-01 
       16.812094       100.000          1.102827e-01       -2.187659e-01       -8.901109e-01        3.842940e-01 
        0.324998       100.000         -2.221997e-01        9.395954e-01       -1.753774e-01        1.924329e-01 
#       1  # -> tot n. of quasiholes
      -55.090909       100.000         -9.687367e-01       -2.399983e-01       -6.272807e-02       -3.912206e-03 

# Subshell:
# v_p1/2 
#       3  # -> tot n. of quasiparticles
       60.401165       100.000         -7.885525e-02       -1.627880e-02        5.268234e-01        8.461524e-01 
       27.506481       100.000         -1.638212e-01        5.133379e-01        7.126959e-01       -4.491230e-01 
        7.710524       100.000          1.200694e-01       -8.372168e-01        4.506958e-01       -2.855253e-01 
#       1  # -> tot n. of quasiholes
      -16.294481       100.000          9.759753e-01        1.878491e-01        1.067473e-01        2.810576e-02 

# Subshell:
# v_p3/2 
#       3  # -> tot n. of quasiparticles
       56.750438       100.000         -6.220491e-02       -5.608834e-02        4.954804e-01        8.645714e-01 
       25.320437       100.000         -1.987774e-01        4.398073e-01        7.659408e-01       -4.247255e-01 
        6.715028       100.000          2.021342e-01       -8.552241e-01        3.952311e-01       -2.674431e-01 
#       1  # -> tot n. of quasiholes
      -26.046202       100.000          9.569534e-01        2.683567e-01        1.078248e-01        2.446737e-02 

# Subshell:
# v_d3/2 
#       3  # -> tot n. of quasiparticles
       50.931715       100.000         -3.039998e-02        4.831755e-01        8.749956e-01 
       21.326080       100.000          3.975944e-01        8.090090e-01       -4.329239e-01 
        7.058846       100.000          9.170576e-01       -3.347324e-01        2.167017e-01 
#       0  # -> tot n. of quasiholes

# Subshell:
# v_d5/2 
#       3  # -> tot n. of quasiparticles
       42.489359       100.000         -1.757650e-01        3.513199e-01        9.196091e-01 
       16.415281       100.000          7.181492e-03        9.345846e-01       -3.556684e-01 
       -0.988450       100.000          9.844060e-01        5.590991e-02        1.667903e-01 
#       0  # -> tot n. of quasiholes

# Subshell:
# v_f5/2 
#       3  # -> tot n. of quasiparticles
       66.311323       100.000          9.632916e-02        5.737311e-01        8.133592e-01 
       32.498511       100.000         -6.380696e-01       -5.915741e-01        4.928562e-01 
       14.575910       100.000         -7.639292e-01        5.664563e-01       -3.090946e-01 
#       0  # -> tot n. of quasiholes

# Subshell:
# v_f7/2 
#       3  # -> tot n. of quasiparticles
       53.435917       100.000         -1.005410e-01        4.573017e-01        8.836100e-01 
       26.139626       100.000         -4.321160e-01       -8.200448e-01        3.752362e-01 
       12.006266       100.000         -8.961960e-01        3.440954e-01       -2.800555e-01 
#       0  # -> tot n. of quasiholes

# Subshell:
# v_g7/2 
#       2  # -> tot n. of quasiparticles
       54.415428       100.000          5.077948e-01        8.614780e-01 
       24.534098       100.000         -8.614780e-01        5.077948e-01 
#       0  # -> tot n. of quasiholes

# Subshell:
# v_g9/2 
#       2  # -> tot n. of quasiparticles
       43.819097       100.000          4.286505e-01        9.034704e-01 
       23.423023       100.000         -9.034704e-01        4.286505e-01 
#       0  # -> tot n. of quasiholes

# Subshell:
# v_h9/2 
#       2  # -> tot n. of quasiparticles
       64.130749       100.000          5.417896e-01        8.405141e-01 
       30.529736       100.000         -8.405141e-01        5.417896e-01 
#       0  # -> tot n. of quasiholes

# Subshell:
# v_h11/2 
#       2  # -> tot n. of quasiparticles
       56.334662       100.000          5.189288e-01        8.548175e-01 
       30.054743       100.000         -8.548175e-01        5.189288e-01 
#       0  # -> tot n. of quasiholes

# Subshell:
# v_i11/2 
#       1  # -> tot n. of quasiparticles
       47.793766       100.000          1.000000e+00 
#       0  # -> tot n. of quasiholes

# Subshell:
# v_i13/2 
#       1  # -> tot n. of quasiparticles
       45.777721       100.000          1.000000e+00 
#       0  # -> tot n. of quasiholes

# Subshell:
# v_j13/2 
#       1  # -> tot n. of quasiparticles
       54.852985       100.000          1.000000e+00 
#       0  # -> tot n. of quasiholes

# Subshell:
# v_j15/2 
#       1  # -> tot n. of quasiparticles
       53.642165       100.000          1.000000e+00 
#       0  # -> tot n. of quasiholes

# Subshell:
# p_s1/2 
#       3  # -> tot n. of quasiparticles
       49.269491       100.000         -6.830420e-03       -9.111266e-02        4.394057e-01        8.936299e-01 
       19.882884       100.000          1.179781e-01       -2.740695e-01       -8.669350e-01        3.992377e-01 
        3.651802       100.000         -2.082091e-01        9.288847e-01       -2.275751e-01        2.050164e-01 
#       1  # -> tot n. of quasiholes
      -50.796365       100.000         -9.709189e-01       -2.318568e-01       -5.963161e-02       -1.739428e-03 

# Subshell:
# p_p1/2 
#       3  # -> tot n. of quasiparticles
       64.451292       100.000         -8.014267e-02        1.967537e-03        5.414045e-01        8.369316e-01 
       30.595988       100.000         -1.564555e-01        5.440423e-01        6.846348e-01       -4.591457e-01 
       10.271640       100.000          9.491101e-02       -8.223323e-01        4.760273e-01       -2.969167e-01 
#       1  # -> tot n. of quasiholes
      -12.302755       100.000          9.798422e-01        1.666845e-01        1.074911e-01        2.390048e-02 

# Subshell:
# p_p3/2 
#       3  # -> tot n. of quasiparticles
       60.721994       100.000         -6.517420e-02       -3.759543e-02        5.124095e-01        8.554387e-01 
       28.363769       100.000         -1.969199e-01        4.754609e-01        7.381355e-01       -4.362517e-01 
        9.327776       100.000          1.819916e-01       -8.413804e-01        4.260324e-01       -2.783063e-01 
#       1  # -> tot n. of quasiholes
      -21.904663       100.000          9.611732e-01        2.541702e-01        1.053037e-01        2.132323e-02 

# Subshell:
# p_d3/2 
#       3  # -> tot n. of quasiparticles
       54.812076       100.000         -1.562624e-02        4.999923e-01        8.658889e-01 
       24.471745       100.000          4.496963e-01        7.769808e-01       -4.405384e-01 
       10.191023       100.000          8.930448e-01       -3.825031e-01        2.369860e-01 
#       0  # -> tot n. of quasiholes

# Subshell:
# p_d5/2 
#       3  # -> tot n. of quasiparticles
       46.122153       100.000         -1.649606e-01        3.745712e-01        9.124059e-01 
       19.172454       100.000          5.615955e-02        9.271456e-01       -3.704688e-01 
        2.906100       100.000          9.847000e-01        9.872448e-03        1.739782e-01 
#       0  # -> tot n. of quasiholes

# Subshell:
# p_f5/2 
#       3  # -> tot n. of quasiparticles
       70.192515       100.000          1.110690e-01        5.833691e-01        8.045770e-01 
       35.595229       100.000         -6.598107e-01       -5.621266e-01        4.986617e-01 
       17.034771       100.000         -7.431780e-01        5.862544e-01       -3.224784e-01 
#       0  # -> tot n. of quasiholes

# Subshell:
# p_f7/2 
#       3  # -> tot n. of quasiparticles
       57.047769       100.000         -8.228252e-02        4.762435e-01        8.754552e-01 
       29.234240       100.000         -4.841794e-01       -7.869023e-01        3.825639e-01 
       14.827396       100.000         -8.710912e-01        3.923990e-01       -2.953356e-01 
#       0  # -> tot n. of quasiholes

# Subshell:
# p_g7/2 
#       2  # -> tot n. of quasiparticles
       57.922149       100.000          5.188383e-01        8.548724e-01 
       27.015240       100.000         -8.548724e-01        5.188383e-01 
#       0  # -> tot n. of quasiholes

# Subshell:
# p_g9/2 
#       2  # -> tot n. of quasiparticles
       47.270258       100.000          4.487812e-01        8.936417e-01 
       25.968744       100.000         -8.936417e-01        4.487812e-01 
#       0  # -> tot n. of quasiholes

# Subshell:
# p_h9/2 
#       2  # -> tot n. of quasiparticles
       67.372371       100.000          5.489006e-01        8.358876e-01 
       32.802540       100.000         -8.358876e-01        5.489006e-01 
#       0  # -> tot n. of quasiholes

# Subshell:
# p_h11/2 
#       2  # -> tot n. of quasiparticles
       59.553745       100.000          5.286586e-01        8.488346e-01 
       32.337485       100.000         -8.488346e-01        5.286586e-01 
#       0  # -> tot n. of quasiholes

# Subshell:
# p_i11/2 
#       1  # -> tot n. of quasiparticles
       50.398541       100.000          1.000000e+00 
#       0  # -> tot n. of quasiholes

# Subshell:
# p_i13/2 
#       1  # -> tot n. of quasiparticles
       48.369602       100.000          1.000000e+00 
#       0  # -> tot n. of quasiholes

# Subshell:
# p_j13/2 
#       1  # -> tot n. of quasiparticles
       57.278087       100.000          1.000000e+00 
#       0  # -> tot n. of quasiholes

# Subshell:
# p_j15/2 
#       1  # -> tot n. of quasiparticles
       56.056593       100.000          1.000000e+00 
#       0  # -> tot n. of quasiholes
